0.0883998
2.66069
9.03917
1.32003
0.167559
7.89389
8.78061
8.2148
5.01108
7.84593
5.51859
1.84815
4.46109
1.6061
1.83497
1.3562
0.0394125
0.0778036
0.202771
0.625293
1.24018
5.00284
1.70101
0.478716
3.09236
0.403608
0.162181
0.385796
0.667207
1.31117
1.26001
0.147792
0.151763
2.23738
0.414125
2.02934
1.16072
0.9831
0.500741
7.32877
1.04314
2.23524
1.44484
1.31786
3.05659
0.898059
1.53053
2.01673
5.22396
0.355165
0.746785
0.339535
0.737761
0.0943836
1.19722
0.219752
0.159932
0.338621
3.93185
0.116694
1.64648
0.500545
3.50419
0.169502
1.64563
1.14911
1.17516
2.22818
0.785172
0.923165
0.184923
0.996372
0.450416
3.3317
2.38465
2.18355
0.254479
0.0425895
2.55868
0.843617
1.05969
1.93348
1.28413
2.82226
1.66689
1.50656
3.17677
2.25433
11.152
3.70013
2.8563
0.694854
1.22308
3.57474
0.166968
0.869391
0.87807
2.47606
0.754388
1.3137
1.08433
1.19318
0.484748
0.640074
4.4654
3.4238
0.368942
1.77481
3.50359
0.0188258
1.72323
2.02944
6.64589
0.595588
0.978898
2.26391
2.60983
0.14808
0.291993
0.871049
3.53935
1.3267
1.46027
0.460425
2.67966
0.374163
1.13073
0.0888562
0.198665
0.483272
5.10535
1.19101
4.29631
5.49945
0.0469824
0.235902
0.780424
6.25442
3.71797
1.02732
1.57321
1.47941
0.108128
6.30583
0.862659
3.12061
0.258834
1.6059
1.32503
0.0263074
0.675332
0.0750031
0.529571
1.6611
0.189624
1.47854
1.4701
0.200208
1.04021
8.22772
0.0841854
1.21225
0.158543
0.347288
2.80249
0.576031
0.261779
1.65242
5.62818
0.370353
5.34223
0.697687
5.503
6.48362
3.12259
1.81153
0.240328
1.32816
2.0409
0.066517
0.599972
7.08569
1.52792
1.42474
2.43573
2.36701
0.745978
1.09562
1.75793
1.78374
0.62332
0.694862
0.322256
2.34301
0.267185
2.72116
1.42782
0.280778
1.92922
5.06944
2.68502
3.64126
2.12295
1.36385
2.92945
0.154054
0.0763918
1.16199
3.89139
0.296976
0.349557
1.13302
5.69187
2.61471
0.61624
2.55103
2.10559
0.83844
0.0106949
0.988654
1.63073
0.915279
0.873754
0.0117282
2.40384
0.2202
6.41651
2.2162
0.844142
2.48907
2.95961
0.69584
5.15668
0.961378
0.079831
0.992944
1.70477
0.351159
1.34584
1.75229
2.53056
3.60226
0.0792658
0.732189
0.1733
4.12575
2.90142
1.25778
1.59384
