0
11.6762
63.1774
30.5636
29.6221
20.9841
17.1267
11.9186
1.65364
2.57496
0.486098
4.77482
0.505204
7.77389
3.35762
0.538465
2.30174
3.50336
4.06826
3.99643
5.40779
2.98042
5.93893
1.27341
1.17609
0.23031
1.46971
1.66267
0.144976
4.82973
3.39805
1.6844
5.24087
0.10721
0.790151
1.86477
2.2427
0.69276
5.47795
1.13393
1.77882
1.99244
2.40518
3.46415
2.77156
1.07844
7.47243
3.75058
0.760116
0.569466
1.88591
1.44546
4.26817
2.92153
2.06297
3.14964
2.54757
3.71695
6.49727
5.90752
3.63792
1.26375
0.880795
1.70098
0.47134
0.443087
0.450245
6.65606
2.67822
0.363705
0.14188
2.28805
0.823606
1.8584
0.110258
1.02487
1.31214
1.89876
0.151608
0.188112
3.69365
3.14926
1.38275
0.724082
4.99879
5.27311
3.07289
7.8189
3.70569
2.28641
4.12489
1.35821
6.41923
0.951156
1.34733
2.14478
0.591948
2.47973
0.234855
0.613057
3.9272
9.63559
0.196746
2.32125
0.0896729
3.4369
4.65666
1.55633
1.02164
1.77293
1.56518
3.05724
4.01206
1.57588
0.743969
2.08108
3.497
0.581751
0.71154
2.80809
10.1894
2.69805
2.82643
1.89825
1.19018
2.41937
3.0826
4.72455
1.35221
0.288266
4.60618
1.84499
0.928468
0.616296
4.74948
4.14979
4.3886
2.19766
3.11242
0.612121
4.25004
5.97651
6.18028
1.82872
2.92159
4.11866
2.01843
6.43416
0.72438
5.11553
1.249
0.608689
1.74824
1.83509
0.846135
4.85804
5.5657
0.986265
0.0732157
1.75633
0.798475
1.68758
5.49605
1.35045
1.7317
6.81573
5.27562
4.57345
3.35036
0.630301
3.15005
1.37206
0.392637
5.00355
3.6653
5.69873
3.46669
2.69269
0.780862
2.00469
0.799802
2.68362
0.193313
5.16102
2.35073
3.22652
5.80053
2.23755
0.257901
0.741982
1.611
3.65338
4.11088
2.4498
5.25498
0.902908
2.79467
2.53547
1.54213
0.368673
3.54598
1.07839
2.62002
0.752642
1.725
7.45097
3.93798
11.5286
2.00259
0.977018
0.886354
3.7813
1.62018
5.05371
3.0158
3.8401
1.96998
4.41709
2.35265
6.61582
2.6547
0.546445
0.528962
0.988907
1.87838
2.18802
1.16588
2.85198
6.5529
4.30567
3.92112
1.75015
1.36357
4.53768
3.37089
1.77829
4.43681
0.872728
1.49566
2.0636
7.56017
0.938846
9.25857
1.19377
1.98556
0.859182
1.70859
3.62112
2.76074
